Rule: all provinces/characters which are Miaphysite religion and either Armenian, Georgian, or Udi culture change to Apostolic religion

Individual character changes below (by ID):

--> Ibadi

144145
144561
144562
144563
144564

--> Ismaili

3090
3092
3094
3096
3098
3100
20743
20768
20930
20931
20932
20933
20934
20935
32900
32901
32902
32903
32904
32905
32906
32907
32908
32909
32910
33916
33917
33918
33919
33920
34555
34556
34557
34558
34559
34560
34700
34979
34980
34981
34982
34998
34999
41706
45037
45038
45039
45040
45041
45042
45043
45044
45045
45046
45051
45052
45053
45055
45060
73309
144018
144019
144225
144226
144227
144228
144229
144230
144231
155137
159183
159184
159185
159186
159187
159188
159189
159190
159191
159192
159193
159194
227012
1000144658
1000144659
1000144660
1000144661
1000144662
1000144663
1000144664
1000144665
1000144667
1000144668
1000229640
1000229926
1000229927
1000236032
1000236033
1000236034
1000236035
1000236036
1000236037
1000236040
1000236041
1000236042
1000236043
1000236054
1000236055
1000236056
1000236057
1000236058
1000236059
1000236060
1000236061
1000236062
1000236063

--> Kharijite

163133
168275

--> Mahdiyya

32978
32979
32980
32981
32982
32983
32984
32985
32986
32987
32988
32989
32990
32992
155085
155086
155087
155088
224000
224005
1000228885

--> Nabawiyya

168276
168277
168278
168279
168280
168281
168282

--> Qarmatian

1000236140
1000236141
1000236142
1000236143
1000236144
1000236145
1000236146
1000236147

--> Sunni

20703
20900
34471
34472
34473
34474
34475
34476
34477
45105
93300
93301
93302
93303
144144
144146
144147
144148
144149
144150
144151
144152
144153
144154
220994
220995

--> Waqifi
163042
163044
163045

--> Zaydi

45035
45036
45047
45048
45049
45050
45054
45056
45057
45058
45059
45108
73687
73688
73689
73690
159195
159397
159398
159399
159400
159401
159402
159403
159404
159405
159406
159407
159408
159409
159410
159411
159412
159413
159414
159415
159416
159417
159418
159419
159420
159421
159422
159423
159490
159491
159492
159493
159494
159495
159496
159497
159498
159499
159500
159502
159503
159504
159505
159506
159507
159508
159509
159510
159511
159512
159513
159514
159515
159516
159517
159518
163043
180756
180759
180760
180761
180762
200233
200234
200235
1000144550
1000144551
1000229641
1000229642
1000229643
1000229644
1000229645
1000229646
1000229647
1000229648
1000229649
1000231060
1000231061
1000231062
1000231063
1000231064
1000236069
1000236070
1000236071
1000236072
1000236073
1000236074
1000236075
1000236076
1000236077
1000236078
1000236079
